   45																																													
Setophaga_graciae_CM_S10255_BEL    	0.00000	0.16598	0.26531	0.24201	0.23901	0.22061	0.22280	0.26914	0.26577	0.26354	0.26803	0.26576	0.26589	0.25821	0.26353	0.25948	0.22623	0.22666	0.26238	0.26540	0.26282	0.26250	0.26194	0.26343	0.26281	0.26623	0.26555	0.26761	0.26807	0.26202	0.26487	0.26571	0.27097	0.26713	0.25591	0.23843	0.26539	0.26323	0.26524	0.22157	0.22155	0.22345	0.22336	0.22265	0.26872
Setophaga_graciae_CM_S9116_BEL    	0.16598	0.00000	0.26046	0.23394	0.23453	0.21666	0.21735	0.26282	0.26140	0.26025	0.26154	0.26131	0.26186	0.25252	0.25729	0.25118	0.22002	0.22125	0.25943	0.26057	0.25858	0.25729	0.25826	0.25989	0.25919	0.25949	0.25647	0.26104	0.26166	0.25993	0.25931	0.26085	0.26328	0.26039	0.25232	0.23118	0.26139	0.25735	0.26057	0.21859	0.21841	0.22090	0.21965	0.21707	0.26309
Setophaga_graciae_DMNS_52524_COL    	0.26531	0.26046	0.00000	0.26594	0.26362	0.24415	0.24784	0.19782	0.19409	0.19232	0.19165	0.19115	0.19152	0.21120	0.21506	0.20983	0.23896	0.24107	0.19672	0.20051	0.19544	0.19535	0.19598	0.19510	0.19630	0.19702	0.19560	0.19809	0.19766	0.19335	0.19459	0.19480	0.19382	0.19238	0.20972	0.26113	0.19522	0.19264	0.19388	0.24515	0.24870	0.24920	0.24920	0.24483	0.19606
Setophaga_graciae_KU_33633_RACN    	0.24201	0.23394	0.26594	0.00000	0.13698	0.20541	0.20535	0.26894	0.26620	0.26506	0.26547	0.26530	0.26587	0.25944	0.26386	0.25749	0.21614	0.21775	0.26518	0.26546	0.26461	0.26283	0.26231	0.26332	0.26379	0.26250	0.26404	0.26648	0.26687	0.26543	0.26497	0.26397	0.26900	0.26578	0.25928	0.14552	0.26571	0.26713	0.26598	0.20422	0.20399	0.20300	0.20471	0.20294	0.26689
Setophaga_graciae_KU_33634_RACN    	0.23901	0.23453	0.26362	0.13698	0.00000	0.20082	0.20233	0.26603	0.26225	0.26193	0.26363	0.26411	0.26456	0.25671	0.26016	0.25596	0.21430	0.21745	0.26169	0.26462	0.26050	0.26154	0.26117	0.26108	0.26285	0.25970	0.25955	0.26239	0.26478	0.26310	0.26196	0.26122	0.26886	0.26436	0.25673	0.14409	0.26302	0.26306	0.26330	0.20155	0.20188	0.20408	0.20371	0.20063	0.26535
Setophaga_graciae_KU_8199_SANA    	0.22061	0.21666	0.24415	0.20541	0.20082	0.00000	0.17340	0.24408	0.24281	0.24152	0.24327	0.24547	0.24177	0.23659	0.23891	0.23552	0.19371	0.19611	0.24082	0.24399	0.24023	0.23969	0.23863	0.24144	0.24177	0.24089	0.24090	0.24356	0.24389	0.24203	0.24206	0.23973	0.24600	0.24274	0.23575	0.19852	0.24127	0.23978	0.24459	0.17684	0.17978	0.17765	0.17855	0.17488	0.24481
Setophaga_graciae_KU_8218_SANA    	0.22280	0.21735	0.24784	0.20535	0.20233	0.17340	0.00000	0.24587	0.24833	0.24537	0.24534	0.24606	0.24569	0.23833	0.24355	0.23632	0.19482	0.19825	0.24334	0.24450	0.24277	0.24325	0.24206	0.24137	0.24103	0.24264	0.24186	0.24450	0.24840	0.24387	0.24457	0.24421	0.24933	0.24636	0.23860	0.20252	0.24279	0.24515	0.24586	0.18018	0.17768	0.17868	0.18022	0.17834	0.24558
Setophaga_graciae_UWBM_105736_ARI    	0.26914	0.26282	0.19782	0.26894	0.26603	0.24408	0.24587	0.00000	0.19576	0.19436	0.19523	0.19365	0.19713	0.21163	0.21734	0.21107	0.23637	0.23977	0.19641	0.20128	0.19754	0.19968	0.19784	0.19781	0.19931	0.19912	0.19725	0.19955	0.20163	0.19558	0.19665	0.19565	0.19679	0.19569	0.21170	0.26399	0.19553	0.19649	0.19505	0.24602	0.24831	0.24960	0.24760	0.24346	0.19647
Setophaga_graciae_UWBM_106758_NM    	0.26577	0.26140	0.19409	0.26620	0.26225	0.24281	0.24833	0.19576	0.00000	0.18947	0.19255	0.19324	0.19146	0.21239	0.21695	0.21044	0.23795	0.24071	0.19807	0.20052	0.19807	0.19681	0.19703	0.19852	0.19961	0.19804	0.19426	0.19812	0.20069	0.19731	0.19510	0.19637	0.19526	0.19385	0.21013	0.26240	0.19487	0.19479	0.19565	0.24639	0.24612	0.24808	0.24755	0.24562	0.19576
Setophaga_graciae_UWBM_106760_NM    	0.26354	0.26025	0.19232	0.26506	0.26193	0.24152	0.24537	0.19436	0.18947	0.00000	0.19052	0.18881	0.19002	0.20814	0.21388	0.20782	0.23352	0.23743	0.19469	0.19817	0.19585	0.19474	0.19395	0.19673	0.19628	0.19598	0.19608	0.19830	0.19993	0.19494	0.19719	0.19401	0.19519	0.19323	0.20820	0.25982	0.19392	0.19293	0.19307	0.24440	0.24451	0.24548	0.24397	0.24050	0.19376
Setophaga_graciae_UWBM_108714_NEV    	0.26803	0.26154	0.19165	0.26547	0.26363	0.24327	0.24534	0.19523	0.19255	0.19052	0.00000	0.19281	0.19083	0.21044	0.21691	0.20891	0.23499	0.23975	0.19500	0.19937	0.19579	0.19693	0.19732	0.19764	0.19756	0.19731	0.19669	0.20032	0.19861	0.19497	0.19427	0.19312	0.19184	0.19098	0.21172	0.26199	0.19282	0.19318	0.19404	0.24611	0.24622	0.24861	0.24683	0.24566	0.19691
Setophaga_graciae_UWBM_111891_NM    	0.26576	0.26131	0.19115	0.26530	0.26411	0.24547	0.24606	0.19365	0.19324	0.18881	0.19281	0.00000	0.18327	0.20791	0.21383	0.20835	0.23429	0.24009	0.19433	0.19931	0.19867	0.19622	0.19598	0.19691	0.19804	0.19698	0.19745	0.20008	0.19784	0.19575	0.19474	0.19697	0.19531	0.19350	0.20845	0.26189	0.19402	0.19340	0.19592	0.24614	0.24678	0.24659	0.24524	0.24524	0.19742
Setophaga_graciae_UWBM_111896_NM    	0.26589	0.26186	0.19152	0.26587	0.26456	0.24177	0.24569	0.19713	0.19146	0.19002	0.19083	0.18327	0.00000	0.21144	0.21545	0.21017	0.23659	0.23994	0.19593	0.20109	0.19909	0.19744	0.19627	0.19754	0.19716	0.19828	0.19528	0.20020	0.19968	0.19497	0.19356	0.19552	0.19545	0.19222	0.20916	0.26348	0.19528	0.19681	0.19504	0.24577	0.24782	0.24718	0.24736	0.24540	0.19786
Setophaga_graciae_UWBM_112576_GUE    	0.25821	0.25252	0.21120	0.25944	0.25671	0.23659	0.23833	0.21163	0.21239	0.20814	0.21044	0.20791	0.21144	0.00000	0.18699	0.18720	0.22790	0.23095	0.20833	0.21087	0.20488	0.20705	0.20923	0.20711	0.20723	0.21088	0.20774	0.21018	0.21239	0.20906	0.20930	0.20733	0.21423	0.21255	0.18442	0.25404	0.20829	0.21082	0.21228	0.23738	0.23961	0.24050	0.23761	0.23547	0.21317
Setophaga_graciae_UWBM_112587_GUE    	0.26353	0.25729	0.21506	0.26386	0.26016	0.23891	0.24355	0.21734	0.21695	0.21388	0.21691	0.21383	0.21545	0.18699	0.00000	0.19306	0.23402	0.23838	0.21382	0.21395	0.21218	0.21268	0.21111	0.21280	0.21245	0.21448	0.21326	0.21348	0.21425	0.21521	0.21302	0.21233	0.21954	0.21602	0.19001	0.25899	0.21346	0.21650	0.21599	0.24372	0.24499	0.24370	0.24318	0.24126	0.21626
Setophaga_graciae_UWBM_112592_GUE    	0.25948	0.25118	0.20983	0.25749	0.25596	0.23552	0.23632	0.21107	0.21044	0.20782	0.20891	0.20835	0.21017	0.18720	0.19306	0.00000	0.22661	0.22943	0.20817	0.20841	0.20762	0.20778	0.20727	0.20813	0.20698	0.20865	0.20685	0.20901	0.21040	0.20916	0.20660	0.20421	0.21336	0.21075	0.18361	0.25344	0.21188	0.20986	0.21148	0.23711	0.24007	0.23994	0.23723	0.23631	0.21257
Setophaga_graciae_UWBM_113059_CHI    	0.22623	0.22002	0.23896	0.21614	0.21430	0.19371	0.19482	0.23637	0.23795	0.23352	0.23499	0.23429	0.23659	0.22790	0.23402	0.22661	0.00000	0.17725	0.23456	0.23301	0.23261	0.23532	0.23215	0.23379	0.23547	0.23283	0.23456	0.23593	0.23807	0.23365	0.23352	0.23233	0.24171	0.23730	0.22642	0.21309	0.23565	0.23608	0.23580	0.19304	0.19524	0.19406	0.19525	0.19356	0.23764
Setophaga_graciae_UWBM_113126_CHI    	0.22666	0.22125	0.24107	0.21775	0.21745	0.19611	0.19825	0.23977	0.24071	0.23743	0.23975	0.24009	0.23994	0.23095	0.23838	0.22943	0.17725	0.00000	0.23771	0.23923	0.23679	0.23628	0.23619	0.23833	0.23816	0.23790	0.23770	0.24170	0.24052	0.23969	0.23695	0.23624	0.24305	0.23895	0.22956	0.21454	0.23606	0.23878	0.23729	0.19653	0.19611	0.19714	0.19579	0.19560	0.23962
Setophaga_graciae_UWBM_113970_DUR    	0.26238	0.25943	0.19672	0.26518	0.26169	0.24082	0.24334	0.19641	0.19807	0.19469	0.19500	0.19433	0.19593	0.20833	0.21382	0.20817	0.23456	0.23771	0.00000	0.19698	0.19401	0.19542	0.19495	0.19294	0.19219	0.19397	0.19229	0.19606	0.19654	0.19205	0.19594	0.19348	0.19863	0.19736	0.20575	0.25917	0.19591	0.19861	0.19402	0.24327	0.24385	0.24520	0.24611	0.24246	0.19918
Setophaga_graciae_UWBM_114011_DUR    	0.26540	0.26057	0.20051	0.26546	0.26462	0.24399	0.24450	0.20128	0.20052	0.19817	0.19937	0.19931	0.20109	0.21087	0.21395	0.20841	0.23301	0.23923	0.19698	0.00000	0.19302	0.19128	0.19051	0.19848	0.19558	0.19951	0.19740	0.19877	0.19925	0.19669	0.19675	0.19645	0.20300	0.19836	0.20778	0.26040	0.19898	0.20186	0.19821	0.24508	0.24757	0.24849	0.24852	0.24618	0.20150
Setophaga_graciae_UWBM_114012_DUR    	0.26282	0.25858	0.19544	0.26461	0.26050	0.24023	0.24277	0.19754	0.19807	0.19585	0.19579	0.19867	0.19909	0.20488	0.21218	0.20762	0.23261	0.23679	0.19401	0.19302	0.00000	0.19217	0.19141	0.19447	0.19531	0.19322	0.19220	0.19663	0.19687	0.19459	0.19249	0.19144	0.19954	0.19517	0.20747	0.25869	0.19542	0.19671	0.19341	0.24282	0.24407	0.24421	0.24270	0.24242	0.19734
Setophaga_graciae_UWBM_114019_DUR    	0.26250	0.25729	0.19535	0.26283	0.26154	0.23969	0.24325	0.19968	0.19681	0.19474	0.19693	0.19622	0.19744	0.20705	0.21268	0.20778	0.23532	0.23628	0.19542	0.19128	0.19217	0.00000	0.18732	0.19319	0.19368	0.19649	0.19429	0.19711	0.19751	0.19554	0.19280	0.19365	0.20055	0.19643	0.20874	0.25960	0.19356	0.19731	0.19454	0.24184	0.24364	0.24682	0.24297	0.24147	0.19816
Setophaga_graciae_UWBM_114038_DUR    	0.26194	0.25826	0.19598	0.26231	0.26117	0.23863	0.24206	0.19784	0.19703	0.19395	0.19732	0.19598	0.19627	0.20923	0.21111	0.20727	0.23215	0.23619	0.19495	0.19051	0.19141	0.18732	0.00000	0.19481	0.19464	0.19619	0.19337	0.19408	0.19735	0.19283	0.19372	0.19078	0.19710	0.19888	0.20652	0.26020	0.19486	0.19742	0.19460	0.24143	0.24255	0.24318	0.24310	0.24008	0.19944
Setophaga_graciae_UWBM_114046_DUR    	0.26343	0.25989	0.19510	0.26332	0.26108	0.24144	0.24137	0.19781	0.19852	0.19673	0.19764	0.19691	0.19754	0.20711	0.21280	0.20813	0.23379	0.23833	0.19294	0.19848	0.19447	0.19319	0.19481	0.00000	0.19668	0.19808	0.19477	0.19738	0.19824	0.19596	0.19140	0.19420	0.19921	0.19619	0.20883	0.25807	0.19490	0.19933	0.19884	0.24374	0.24277	0.24598	0.24484	0.24226	0.19850
Setophaga_graciae_UWBM_114047_DUR    	0.26281	0.25919	0.19630	0.26379	0.26285	0.24177	0.24103	0.19931	0.19961	0.19628	0.19756	0.19804	0.19716	0.20723	0.21245	0.20698	0.23547	0.23816	0.19219	0.19558	0.19531	0.19368	0.19464	0.19668	0.00000	0.19720	0.19526	0.19570	0.19821	0.19355	0.19235	0.19293	0.19898	0.19730	0.20864	0.25889	0.19479	0.19957	0.19619	0.24320	0.24158	0.24402	0.24571	0.24291	0.19969
Setophaga_graciae_UWBM_114087_CHIH    	0.26623	0.25949	0.19702	0.26250	0.25970	0.24089	0.24264	0.19912	0.19804	0.19598	0.19731	0.19698	0.19828	0.21088	0.21448	0.20865	0.23283	0.23790	0.19397	0.19951	0.19322	0.19649	0.19619	0.19808	0.19720	0.00000	0.19234	0.19673	0.19658	0.19452	0.19448	0.19436	0.19966	0.19650	0.20877	0.25838	0.19589	0.19728	0.19409	0.24292	0.24726	0.24619	0.24510	0.24154	0.19690
Setophaga_graciae_UWBM_114088_CHIH    	0.26555	0.25647	0.19560	0.26404	0.25955	0.24090	0.24186	0.19725	0.19426	0.19608	0.19669	0.19745	0.19528	0.20774	0.21326	0.20685	0.23456	0.23770	0.19229	0.19740	0.19220	0.19429	0.19337	0.19477	0.19526	0.19234	0.00000	0.19408	0.19519	0.19155	0.19190	0.19081	0.19746	0.19654	0.20778	0.25924	0.19540	0.19729	0.19412	0.24207	0.24315	0.24380	0.24426	0.24065	0.19776
Setophaga_graciae_UWBM_114090_CHIH    	0.26761	0.26104	0.19809	0.26648	0.26239	0.24356	0.24450	0.19955	0.19812	0.19830	0.20032	0.20008	0.20020	0.21018	0.21348	0.20901	0.23593	0.24170	0.19606	0.19877	0.19663	0.19711	0.19408	0.19738	0.19570	0.19673	0.19408	0.00000	0.19844	0.19464	0.19440	0.19177	0.20208	0.20069	0.20960	0.26171	0.19788	0.20010	0.19610	0.24403	0.24637	0.24824	0.24681	0.24390	0.20106
Setophaga_graciae_UWBM_114091_CHIH    	0.26807	0.26166	0.19766	0.26687	0.26478	0.24389	0.24840	0.20163	0.20069	0.19993	0.19861	0.19784	0.19968	0.21239	0.21425	0.21040	0.23807	0.24052	0.19654	0.19925	0.19687	0.19751	0.19735	0.19824	0.19821	0.19658	0.19519	0.19844	0.00000	0.19405	0.19643	0.19499	0.20221	0.19840	0.21043	0.26290	0.19644	0.19863	0.19957	0.24867	0.24702	0.24599	0.24901	0.24672	0.20051
Setophaga_graciae_UWBM_114126_CHIH    	0.26202	0.25993	0.19335	0.26543	0.26310	0.24203	0.24387	0.19558	0.19731	0.19494	0.19497	0.19575	0.19497	0.20906	0.21521	0.20916	0.23365	0.23969	0.19205	0.19669	0.19459	0.19554	0.19283	0.19596	0.19355	0.19452	0.19155	0.19464	0.19405	0.00000	0.19193	0.19246	0.19649	0.19710	0.20730	0.25903	0.19476	0.19569	0.19352	0.24278	0.24361	0.24513	0.24372	0.24283	0.19753
Setophaga_graciae_UWBM_114127_CHIH    	0.26487	0.25931	0.19459	0.26497	0.26196	0.24206	0.24457	0.19665	0.19510	0.19719	0.19427	0.19474	0.19356	0.20930	0.21302	0.20660	0.23352	0.23695	0.19594	0.19675	0.19249	0.19280	0.19372	0.19140	0.19235	0.19448	0.19190	0.19440	0.19643	0.19193	0.00000	0.19054	0.19688	0.19510	0.20832	0.26215	0.19437	0.19684	0.19240	0.24670	0.24440	0.24816	0.24491	0.24425	0.19578
Setophaga_graciae_UWBM_114128_CHIH    	0.26571	0.26085	0.19480	0.26397	0.26122	0.23973	0.24421	0.19565	0.19637	0.19401	0.19312	0.19697	0.19552	0.20733	0.21233	0.20421	0.23233	0.23624	0.19348	0.19645	0.19144	0.19365	0.19078	0.19420	0.19293	0.19436	0.19081	0.19177	0.19499	0.19246	0.19054	0.00000	0.19763	0.19620	0.20596	0.25893	0.19326	0.19607	0.19412	0.24213	0.24311	0.24557	0.24181	0.24058	0.19657
Setophaga_graciae_UWBM_114282_NEV    	0.27097	0.26328	0.19382	0.26900	0.26886	0.24600	0.24933	0.19679	0.19526	0.19519	0.19184	0.19531	0.19545	0.21423	0.21954	0.21336	0.24171	0.24305	0.19863	0.20300	0.19954	0.20055	0.19710	0.19921	0.19898	0.19966	0.19746	0.20208	0.20221	0.19649	0.19688	0.19763	0.00000	0.19206	0.21140	0.26369	0.19805	0.19631	0.19821	0.25021	0.24946	0.25115	0.25089	0.24913	0.19927
Setophaga_graciae_UWBM_114424_NEV    	0.26713	0.26039	0.19238	0.26578	0.26436	0.24274	0.24636	0.19569	0.19385	0.19323	0.19098	0.19350	0.19222	0.21255	0.21602	0.21075	0.23730	0.23895	0.19736	0.19836	0.19517	0.19643	0.19888	0.19619	0.19730	0.19650	0.19654	0.20069	0.19840	0.19710	0.19510	0.19620	0.19206	0.00000	0.21039	0.26159	0.19530	0.19355	0.19375	0.24757	0.24718	0.24686	0.24587	0.24688	0.19341
Setophaga_graciae_UWBM_115308_GUE    	0.25591	0.25232	0.20972	0.25928	0.25673	0.23575	0.23860	0.21170	0.21013	0.20820	0.21172	0.20845	0.20916	0.18442	0.19001	0.18361	0.22642	0.22956	0.20575	0.20778	0.20747	0.20874	0.20652	0.20883	0.20864	0.20877	0.20778	0.20960	0.21043	0.20730	0.20832	0.20596	0.21140	0.21039	0.00000	0.25518	0.20977	0.21177	0.20949	0.23357	0.23836	0.23889	0.23778	0.23583	0.21200
Setophaga_graciae_UWBM_69981_PCA    	0.23843	0.23118	0.26113	0.14552	0.14409	0.19852	0.20252	0.26399	0.26240	0.25982	0.26199	0.26189	0.26348	0.25404	0.25899	0.25344	0.21309	0.21454	0.25917	0.26040	0.25869	0.25960	0.26020	0.25807	0.25889	0.25838	0.25924	0.26171	0.26290	0.25903	0.26215	0.25893	0.26369	0.26159	0.25518	0.00000	0.26180	0.26108	0.26286	0.20086	0.20222	0.20097	0.20083	0.19969	0.26197
Setophaga_graciae_UWBM_77653_ARI    	0.26539	0.26139	0.19522	0.26571	0.26302	0.24127	0.24279	0.19553	0.19487	0.19392	0.19282	0.19402	0.19528	0.20829	0.21346	0.21188	0.23565	0.23606	0.19591	0.19898	0.19542	0.19356	0.19486	0.19490	0.19479	0.19589	0.19540	0.19788	0.19644	0.19476	0.19437	0.19326	0.19805	0.19530	0.20977	0.26180	0.00000	0.19486	0.18736	0.24362	0.24441	0.24597	0.24469	0.24382	0.19613
Setophaga_graciae_UWBM_77735_ARI    	0.26323	0.25735	0.19264	0.26713	0.26306	0.23978	0.24515	0.19649	0.19479	0.19293	0.19318	0.19340	0.19681	0.21082	0.21650	0.20986	0.23608	0.23878	0.19861	0.20186	0.19671	0.19731	0.19742	0.19933	0.19957	0.19728	0.19729	0.20010	0.19863	0.19569	0.19684	0.19607	0.19631	0.19355	0.21177	0.26108	0.19486	0.00000	0.19693	0.24316	0.24614	0.24669	0.24609	0.24307	0.19665
Setophaga_graciae_UWBM_84639_ARI    	0.26524	0.26057	0.19388	0.26598	0.26330	0.24459	0.24586	0.19505	0.19565	0.19307	0.19404	0.19592	0.19504	0.21228	0.21599	0.21148	0.23580	0.23729	0.19402	0.19821	0.19341	0.19454	0.19460	0.19884	0.19619	0.19409	0.19412	0.19610	0.19957	0.19352	0.19240	0.19412	0.19821	0.19375	0.20949	0.26286	0.18736	0.19693	0.00000	0.24656	0.24641	0.24510	0.24848	0.24462	0.19687
Setophaga_graciae_UWBM_93801_CPN    	0.22157	0.21859	0.24515	0.20422	0.20155	0.17684	0.18018	0.24602	0.24639	0.24440	0.24611	0.24614	0.24577	0.23738	0.24372	0.23711	0.19304	0.19653	0.24327	0.24508	0.24282	0.24184	0.24143	0.24374	0.24320	0.24292	0.24207	0.24403	0.24867	0.24278	0.24670	0.24213	0.25021	0.24757	0.23357	0.20086	0.24362	0.24316	0.24656	0.00000	0.17692	0.17632	0.17966	0.17535	0.24749
Setophaga_graciae_UWBM_93805_CPN    	0.22155	0.21841	0.24870	0.20399	0.20188	0.17978	0.17768	0.24831	0.24612	0.24451	0.24622	0.24678	0.24782	0.23961	0.24499	0.24007	0.19524	0.19611	0.24385	0.24757	0.24407	0.24364	0.24255	0.24277	0.24158	0.24726	0.24315	0.24637	0.24702	0.24361	0.24440	0.24311	0.24946	0.24718	0.23836	0.20222	0.24441	0.24614	0.24641	0.17692	0.00000	0.17838	0.17618	0.17542	0.24910
Setophaga_graciae_UWBM_93806_CPN    	0.22345	0.22090	0.24920	0.20300	0.20408	0.17765	0.17868	0.24960	0.24808	0.24548	0.24861	0.24659	0.24718	0.24050	0.24370	0.23994	0.19406	0.19714	0.24520	0.24849	0.24421	0.24682	0.24318	0.24598	0.24402	0.24619	0.24380	0.24824	0.24599	0.24513	0.24816	0.24557	0.25115	0.24686	0.23889	0.20097	0.24597	0.24669	0.24510	0.17632	0.17838	0.00000	0.17558	0.17549	0.24718
Setophaga_graciae_UWBM_93807_CPN    	0.22336	0.21965	0.24920	0.20471	0.20371	0.17855	0.18022	0.24760	0.24755	0.24397	0.24683	0.24524	0.24736	0.23761	0.24318	0.23723	0.19525	0.19579	0.24611	0.24852	0.24270	0.24297	0.24310	0.24484	0.24571	0.24510	0.24426	0.24681	0.24901	0.24372	0.24491	0.24181	0.25089	0.24587	0.23778	0.20083	0.24469	0.24609	0.24848	0.17966	0.17618	0.17558	0.00000	0.17679	0.24644
Setophaga_graciae_UWBM_93808_CPN    	0.22265	0.21707	0.24483	0.20294	0.20063	0.17488	0.17834	0.24346	0.24562	0.24050	0.24566	0.24524	0.24540	0.23547	0.24126	0.23631	0.19356	0.19560	0.24246	0.24618	0.24242	0.24147	0.24008	0.24226	0.24291	0.24154	0.24065	0.24390	0.24672	0.24283	0.24425	0.24058	0.24913	0.24688	0.23583	0.19969	0.24382	0.24307	0.24462	0.17535	0.17542	0.17549	0.17679	0.00000	0.24498
Setophaga_graciae_UWBM_95850_ARI    	0.26872	0.26309	0.19606	0.26689	0.26535	0.24481	0.24558	0.19647	0.19576	0.19376	0.19691	0.19742	0.19786	0.21317	0.21626	0.21257	0.23764	0.23962	0.19918	0.20150	0.19734	0.19816	0.19944	0.19850	0.19969	0.19690	0.19776	0.20106	0.20051	0.19753	0.19578	0.19657	0.19927	0.19341	0.21200	0.26197	0.19613	0.19665	0.19687	0.24749	0.24910	0.24718	0.24644	0.24498	0.00000
