Setophaga_graciae_CM_S10255_BEL Setophaga_graciae_CM_S10255_BEL -0.201811 -0.476154 0.481493 -0.0581758 0.0109554 -0.0699573 -0.0152537 0.0152778 -0.033027 0.0182033 0.0291668 0.0137638 -0.00657061 -0.0133922 0.00021512 -0.0306314 0.035878 0.0319724 0.0101321 0.0201106 0.00360628 0.0513626 0.00660964 -0.0311465 -0.052337 -0.0618121 -0.0858541 -0.0192841 0.00227757 -0.0447089 0.017094 0.0362646 -0.0223031 -0.0258675 0.0260055 -0.0286724 -0.0962512 -0.0241017 -0.0200409 0.0293394 0.476134 -0.445398 -0.0205366 0.0482839 -0.149071
Setophaga_graciae_CM_S9116_BEL Setophaga_graciae_CM_S9116_BEL -0.200835 -0.442506 0.456947 -0.0388067 -0.0046533 -0.0241491 0.0288815 -0.0185603 0.0206844 -0.0174998 -0.0215813 0.00281006 0.0122215 0.0243762 0.0177427 0.0440223 -0.0250692 -0.0241676 -0.0365053 -0.0118314 -0.0292914 -0.0631652 0.00920612 0.0292542 0.0546426 0.0518015 0.0838188 0.00807891 -0.00565172 0.0488986 -0.00103705 -0.0313471 0.027755 0.0223289 -0.0151547 0.0298635 0.0986387 0.0263197 0.00955867 -0.031735 -0.507995 0.474581 0.0211353 -0.0552527 -0.149071
Setophaga_graciae_DMNS_52524_COL Setophaga_graciae_DMNS_52524_COL 0.111751 0.0256038 0.0346167 -0.0723577 -0.15603 -0.048436 0.0287954 0.0616923 0.097985 -0.083304 -0.0260064 -0.0734331 0.000110683 -0.0408975 -0.299043 -0.298319 -0.245831 0.182186 0.00262045 -0.118359 0.255608 0.254563 0.224468 -0.428183 -0.13287 0.208259 0.165924 -0.0578852 -0.0581782 0.181442 0.0453044 -0.190197 -0.202231 -0.123931 0.0429905 -0.00865539 -0.0459369 -0.0750043 -0.116312 0.0666411 -0.0041513 0.0465569 0.00977547 -0.00772814 -0.149071
Setophaga_graciae_KU_33633_RACN Setophaga_graciae_KU_33633_RACN -0.271771 0.425291 0.264708 0.07824 -0.00398538 0.0258119 -0.0152614 0.00846503 -0.00338846 0.00435907 0.00458031 -0.0161264 0.0022952 0.00861322 0.0131533 0.00229283 0.00252937 0.0117256 -0.0223046 -0.0173346 -0.00142916 -0.0173346 -0.00120946 -0.00741074 0.00593082 -0.0163757 0.0081137 0.00930119 -0.00914513 0.00413467 0.0209528 0.0134789 0.0133574 -0.0083411 -0.0161161 0.00405593 -0.0068421 0.0155716 -0.0369345 0.00542621 -0.0313383 0.011752 0.424227 0.677882 -0.149071
Setophaga_graciae_KU_33634_RACN Setophaga_graciae_KU_33634_RACN -0.268306 0.414296 0.25007 0.0759596 0.0111789 0.00546594 0.00704005 -0.00809736 -0.0229215 0.0181056 -0.0117095 0.00263077 0.0239529 -0.00016447 -0.0134313 0.015418 -0.00146398 -0.00953137 0.00985761 0.00196324 0.00404464 0.0151437 0.00706804 0.0095261 0.00300703 0.0271495 -0.0216411 0.00646678 0.00753872 -0.0127846 -0.0164614 0.0156266 0.00407907 -0.000485762 -0.0349204 -0.0353573 -0.0122633 -0.0137034 -0.00107429 -0.00119927 0.0183424 -0.081231 0.354963 -0.724743 -0.149071
Setophaga_graciae_KU_8199_SANA Setophaga_graciae_KU_8199_SANA -0.213393 -0.0470691 -0.188895 -0.064475 -0.00699775 -0.139694 -0.0235755 -0.0309401 0.0591579 -0.0144734 -0.00426583 0.00130034 -0.0126856 0.00748988 -0.0263008 0.0456645 -0.0838583 -0.0533832 0.00739496 0.0606249 -0.0504581 0.0543117 0.0537428 0.111709 -0.0961091 0.164348 0.0395406 0.112733 -0.0440372 -0.207202 -0.340757 -0.161276 -0.150163 0.0569422 0.117129 -0.0510899 -0.0275955 -0.124893 0.385733 -0.159016 0.418385 0.421352 0.0692506 0.0214444 -0.149071
Setophaga_graciae_KU_8218_SANA Setophaga_graciae_KU_8218_SANA -0.217429 -0.0536822 -0.207766 -0.0729374 0.0325105 -0.143756 -0.017809 -0.00812796 0.0110924 -0.0577081 0.0837785 0.0304439 -0.00337558 -0.0336241 0.0304185 -0.0124629 -0.0778561 -0.0967886 -0.127186 -0.04316 -0.114194 0.054248 -0.0982533 0.131881 -0.0120228 0.301117 0.0488012 0.00639522 0.148825 -0.306371 -0.102891 -0.394016 0.035924 -0.127225 -0.239426 -0.193562 -0.203378 0.108456 -0.144615 0.180479 -0.285141 -0.296855 -0.0497636 0.0322372 -0.149071
Setophaga_graciae_UWBM_105736_ARI Setophaga_graciae_UWBM_105736_ARI 0.109115 0.0193513 -0.00281923 -0.0744966 -0.125617 0.00143979 0.0980776 -0.216856 -0.277308 -0.129425 0.000145909 0.0285517 0.236802 -0.492092 0.429968 0.303354 -0.0720069 -0.0526234 -0.0917071 -0.00937535 0.102881 -0.0734848 0.185885 -0.0630057 -0.125635 0.0778032 0.253452 -0.021226 -0.0810116 0.0113477 -0.0475781 0.115761 -0.030859 0.037111 -0.00621874 0.0907941 -0.098728 -0.0582017 -0.0915107 0.0678962 0.0360546 -0.00624621 -0.00263417 0.00160467 -0.149071
Setophaga_graciae_UWBM_106758_NM Setophaga_graciae_UWBM_106758_NM 0.109199 0.0273505 0.0249759 -0.083535 -0.215847 -0.0434668 -0.0961763 -0.0873044 -0.0366412 0.101852 -0.263521 0.141517 0.108433 0.369134 0.129505 0.0734365 0.242245 -0.263992 0.296036 -0.256114 0.267277 -0.0788736 -0.149189 -0.0580703 -0.258256 0.0335327 -0.0308425 0.0979738 -0.301073 -0.158362 0.104666 -0.154657 -0.0151158 -0.0160494 0.0237033 -0.0257191 0.0467365 0.0200727 -0.0254242 0.0116059 -0.0293655 -0.0235359 -0.0202926 0.00396644 -0.149071
Setophaga_graciae_UWBM_106760_NM Setophaga_graciae_UWBM_106760_NM 0.107925 0.0207248 0.0130213 -0.0726465 -0.222661 -0.00490345 -0.14195 -0.0708063 -0.0678875 0.197708 -0.154032 0.0934213 0.0160781 -0.0277564 0.00441459 -0.177504 0.21737 0.00549221 0.128468 0.0696148 -0.0275761 -0.0388044 0.0442567 -0.0282415 -0.120621 -0.221552 0.00946094 -0.290532 0.612853 -0.0352307 -0.31941 0.106246 -0.163137 -0.00405258 0.0193196 -0.111038 -0.0141209 -0.00877968 -0.0128058 0.130406 -0.0657091 0.0590246 0.0135755 0.00950495 -0.149071
Setophaga_graciae_UWBM_108714_NEV Setophaga_graciae_UWBM_108714_NEV 0.110783 0.0318157 0.0188378 -0.0898533 -0.236234 0.00605288 -0.00739727 0.0526169 0.047199 -0.139401 -0.0399074 -0.205743 -0.101856 0.0936516 -0.0999259 -0.0656455 0.273799 -0.271525 -0.0379299 0.434109 -0.261406 0.0513359 0.0529695 -0.0519882 -0.0959676 0.2458 0.287027 0.0610228 0.00741703 0.0461207 0.255944 0.217942 0.211968 -0.0464909 -0.0252862 -0.0427049 -0.152459 0.109102 0.16346 -0.000600616 0.0303558 -0.00472471 -0.00501083 -0.00164561 -0.149071
Setophaga_graciae_UWBM_111891_NM Setophaga_graciae_UWBM_111891_NM 0.110488 0.0247758 0.0140928 -0.0605146 -0.289837 -0.00604285 -0.184196 0.330873 -0.0470734 0.25134 0.0674061 0.0848362 0.131728 -0.212938 -0.017723 0.158061 -0.123382 0.0971919 -0.196314 -0.0309218 -0.0360775 -0.123915 -0.151255 0.00161354 0.0621169 -0.16 -0.0636024 0.0271992 -0.0145911 0.188229 0.280107 -0.2302 -0.0352264 0.0281566 -0.0932893 -0.355029 0.0204166 0.20834 0.26946 -0.0637346 0.0616748 0.0463827 -0.0114828 -0.0111426 -0.149071
Setophaga_graciae_UWBM_111896_NM Setophaga_graciae_UWBM_111896_NM 0.110774 0.0239924 0.00820298 -0.07852 -0.295378 -0.0206443 -0.189232 0.428347 -0.111558 0.211825 0.0547707 0.0943763 0.0340427 0.138799 0.0132076 0.00628187 -0.136174 0.0766571 -0.166632 0.0985145 -0.0448944 0.0417924 0.117727 0.0955192 0.088403 0.161877 -0.159843 0.0285253 -0.0924135 -0.182258 -0.200665 0.114147 0.153088 0.0921323 -0.00507322 0.467287 0.0219192 -0.158054 -0.195703 -0.0226665 -0.0405087 -0.0360461 -0.0154387 -0.00643636 -0.149071
Setophaga_graciae_UWBM_112576_GUE Setophaga_graciae_UWBM_112576_GUE 0.0496604 -0.071191 -0.0547377 0.455273 -0.0535456 -0.0507948 -0.00771292 -0.04648 -0.0942442 -0.01339 0.0638797 -0.00900122 0.0485437 -0.138364 -0.174131 0.00747462 0.104878 0.00702297 0.00923882 0.0814087 -0.0202887 -0.331745 -0.295817 -0.182319 0.0661493 0.156059 -0.0655276 -0.19428 -0.132723 0.0897792 -0.222405 -0.0998753 0.277767 -0.332729 0.257146 0.00214494 0.0852296 -0.0868776 -0.0336422 0.0949982 0.0514733 0.0196905 0.0185209 -0.00220548 -0.149071
Setophaga_graciae_UWBM_112587_GUE Setophaga_graciae_UWBM_112587_GUE 0.0514248 -0.0732431 -0.0461752 0.506602 -0.0440692 -0.120394 0.0173796 -0.11164 0.11574 0.21393 0.143792 -0.102887 0.156724 0.1686 0.190413 -0.0913395 -0.320164 0.0352685 0.287007 0.378166 0.145259 0.064025 0.076353 0.205917 -0.0685144 -0.0727343 0.125435 0.060241 0.00407617 0.0690011 0.0756381 -0.0437434 -0.0614021 0.152757 -0.112377 -0.0138968 0.0165784 0.0328122 -0.00254676 0.0508008 -0.0363844 -0.0634574 -0.00917737 0.0124222 -0.149071
Setophaga_graciae_UWBM_112592_GUE Setophaga_graciae_UWBM_112592_GUE 0.0498737 -0.0642403 -0.0510479 0.432906 -0.0674073 0.00559611 0.00979869 0.0340496 0.0133577 -0.146954 -0.149947 0.015596 -0.0645476 -0.005227 -0.0614553 0.0644047 0.169258 -0.0826866 -0.314463 -0.267521 -0.0826837 0.0879251 0.18124 0.0946184 0.0321405 0.00502861 0.158188 0.115914 0.260322 -0.171541 0.249374 -0.115773 -0.109151 0.140104 0.130211 0.0685533 0.410471 -0.0342854 -0.0920065 -0.0310476 0.097808 -0.0455468 0.00781675 -0.00997642 -0.149071
Setophaga_graciae_UWBM_113059_CHI Setophaga_graciae_UWBM_113059_CHI -0.159936 -0.0936981 -0.148756 0.00542818 -0.0385551 0.598508 0.0088828 0.0576798 0.013921 0.000970949 -0.0597589 0.0643394 0.024338 -0.0201885 0.000231759 -0.0137662 -0.0595093 -0.0334796 0.0535567 0.105361 0.012092 0.0574445 -0.0485258 0.0130806 -0.0280836 -0.0106226 0.015252 -0.0779507 -0.0316335 -0.0360039 0.0696432 0.0213311 0.0552144 0.086538 0.0860541 -0.328315 -0.0670932 -0.474598 -0.179712 -0.333071 -0.083926 -0.0602011 -0.00965245 0.0132127 -0.149071
Setophaga_graciae_UWBM_113126_CHI Setophaga_graciae_UWBM_113126_CHI -0.164683 -0.104283 -0.142797 -0.00415954 -0.0567657 0.672857 0.0421747 -0.0163099 0.0186863 -0.00836984 0.0412028 -0.0557648 0.0269331 0.0331776 -0.0163111 -0.0485886 -0.019596 0.0377532 0.0631155 -0.065005 0.0708786 -0.100675 0.0319429 -0.0143131 0.039008 0.0151139 0.0111051 0.0611798 0.0145299 0.00116721 -0.0606405 -0.0364244 -0.0491849 -0.0533032 -0.0817657 0.298461 0.0314181 0.44137 0.150964 0.28834 0.101927 0.0161007 0.0238508 -0.0220946 -0.149071
Setophaga_graciae_UWBM_113970_DUR Setophaga_graciae_UWBM_113970_DUR 0.102796 0.00830273 0.00973536 -0.0292111 0.135733 0.00947957 0.101026 0.195664 -0.174768 0.086717 0.195476 0.252495 -0.278077 -0.259065 -0.00489995 -0.105922 0.173118 -0.2278 0.306074 0.0871866 -0.0376832 0.0665671 0.0500192 0.0536125 0.108194 -0.0178203 -0.0109394 0.507949 -0.00153845 0.195922 -0.0932269 -0.0943691 -0.191112 -0.119123 0.0852195 -0.0109951 0.0680758 -0.0305824 -0.122416 0.0345955 -0.0494665 -0.0140164 0.0199617 0.00851863 -0.149071
Setophaga_graciae_UWBM_114011_DUR Setophaga_graciae_UWBM_114011_DUR 0.102703 0.0108718 0.0193514 -0.0139593 0.26028 0.073582 -0.498855 -0.0768418 0.202317 0.0112212 -0.0843951 -0.0308393 -0.215497 -0.102107 0.305351 -0.0330103 -0.0247884 -0.216111 -0.0808641 -0.0211165 -0.0501204 0.251959 -0.0784677 0.114798 -0.039894 0.16297 -0.13322 -0.302087 -0.0653706 0.336925 0.0166285 -0.125447 -0.0269445 0.00915067 0.0713146 0.13061 0.0464949 0.0213065 0.00332819 0.0171011 0.0353655 0.00978119 0.0191439 -0.0107088 -0.149071
Setophaga_graciae_UWBM_114012_DUR Setophaga_graciae_UWBM_114012_DUR 0.101907 0.0082192 0.00187866 -0.0197961 0.217147 0.00925201 -0.0808915 -0.187856 0.0885106 -0.00130588 0.0301459 0.109176 -0.0878729 -0.0247771 -0.183175 0.275805 -0.0302552 -0.106583 -0.132345 0.368212 0.229402 -0.171871 0.00219987 -0.423189 -0.0185613 0.091228 -0.35079 0.0954317 0.148427 -0.189848 0.0752573 0.00360525 -0.129671 0.225813 -0.13611 0.0490513 0.0515032 0.0681631 -0.030405 -0.0960036 -0.0397662 -0.00560465 -0.00129008 0.0154339 -0.149071
Setophaga_graciae_UWBM_114019_DUR Setophaga_graciae_UWBM_114019_DUR 0.102511 0.0101264 0.0127229 -0.0297707 0.214283 0.00801319 -0.393888 -0.129128 0.0990446 0.0681875 0.0681655 -0.0224898 0.0930988 0.0450206 -0.244625 0.0223268 0.12606 0.176691 -0.00412435 -0.152324 -0.101751 -0.214351 -0.0451751 -0.0177402 0.128697 -0.0937395 0.466837 0.196548 -0.110162 0.0560447 -0.178453 -0.00595361 0.0375559 0.351166 0.000189985 0.000687647 -0.22278 0.000555858 -0.146154 -0.0100638 0.0213 -0.051351 -0.0209794 -0.0159802 -0.149071
Setophaga_graciae_UWBM_114038_DUR Setophaga_graciae_UWBM_114038_DUR 0.100517 0.00578409 -0.00298678 -0.0280716 0.239616 0.0241895 -0.339055 -0.000944883 0.0147399 -0.0153033 -0.18666 -0.0744078 0.0263428 0.0100876 0.0891747 0.0895007 -0.160302 0.296711 0.142493 0.00965946 -0.113079 -0.025586 0.175776 -0.0205657 -0.0169142 -0.066185 -0.000122919 0.228714 0.0455675 -0.281279 0.148209 0.19285 0.0587873 -0.572838 -0.0240326 -0.0957957 0.102374 -0.0511356 0.0457389 0.0238486 -0.0188006 0.0477273 -0.0166063 -0.00750233 -0.149071
Setophaga_graciae_UWBM_114046_DUR Setophaga_graciae_UWBM_114046_DUR 0.0995183 0.0160423 0.000610919 -0.0280453 0.126285 -0.0131854 -0.0365473 0.0708667 0.0676078 -0.236793 0.450172 0.231434 0.442564 -0.0454203 -0.153643 0.0587006 0.068998 -0.0994046 0.310132 -0.131421 -0.136086 0.286215 0.0434814 -0.0352331 -0.000652389 -0.0613137 -0.0905224 -0.221513 0.0804904 -0.150446 0.152479 0.017881 0.15708 0.0566618 0.0726475 0.0817862 0.0103146 0.0305231 0.105268 -0.0111642 -0.0192579 0.0644244 0.0209983 0.00930473 -0.149071
Setophaga_graciae_UWBM_114047_DUR Setophaga_graciae_UWBM_114047_DUR 0.100263 0.0107289 0.0055962 -0.0245992 0.183774 -0.0307858 -0.0469301 0.113991 -0.137327 -0.15955 0.202144 -0.0233562 -0.151722 -0.0978208 0.00797396 -0.497573 -0.0640463 -0.0918839 -0.165051 -0.0980442 0.346459 -0.36624 0.012037 0.229367 -0.254668 -0.0806584 -0.00062974 -0.0666691 -0.00803473 -0.180943 0.133122 0.119971 0.0846054 0.0492717 0.00120072 0.0132093 -0.0625628 -0.0325275 0.174824 -0.0731471 -0.0519129 0.0111465 0.0167286 -0.0176521 -0.149071
Setophaga_graciae_UWBM_114087_CHIH Setophaga_graciae_UWBM_114087_CHIH 0.101012 0.0290036 0.00843689 -0.0400336 0.128478 0.0209118 0.276947 -0.0637449 0.0162229 0.222035 -0.0274674 0.343102 -0.293177 0.0669626 -0.212995 0.192275 -0.326091 -0.0515557 -0.069182 -0.0440153 -0.267218 0.0156027 -0.173796 0.0588088 -0.370349 -0.147788 0.232535 -0.18234 -0.0629461 -0.0176351 0.0724644 0.0807808 0.0337337 -0.0678131 -0.0498799 0.111507 0.0156121 -0.00068992 -0.0606264 0.111297 0.0639952 0.0454007 0.00187595 -0.00423913 -0.149071
Setophaga_graciae_UWBM_114088_CHIH Setophaga_graciae_UWBM_114088_CHIH 0.102081 0.016586 -0.000669345 -0.0410842 0.154305 -0.0351294 0.190305 0.0905728 -0.0269998 0.0584887 -0.0869399 0.167789 -0.0678321 0.246014 0.00207885 0.189159 -0.0348537 -0.0164763 0.138594 -0.1202 0.168208 -0.258078 0.281688 0.153897 0.450645 0.335845 0.0915645 -0.271945 0.156431 0.159937 0.1014 0.0471722 -0.046516 -0.0661211 0.00156443 -0.0668733 -0.154732 -0.0279563 0.113114 -0.0575601 0.0810459 -0.0468927 -0.00713746 0.0256118 -0.149071
Setophaga_graciae_UWBM_114090_CHIH Setophaga_graciae_UWBM_114090_CHIH 0.103511 0.0150297 0.00885017 -0.0195455 0.220282 -0.0294916 0.149742 0.0687014 -0.233657 -0.0838451 -0.421602 -0.0275429 0.314972 0.0496585 0.0984756 -0.348647 -0.300803 -0.21686 -0.0115732 -0.00356964 -0.272709 -0.00644895 -0.250887 -0.20233 0.232057 -0.0321469 -0.0486368 0.089192 0.0553205 0.00244607 -0.00430933 0.00205659 -0.0187288 0.144213 -0.0141988 0.0452419 -0.0190788 0.0539646 0.00955237 -0.0286579 0.0660536 0.0195492 -0.0100096 0.0103638 -0.149071
Setophaga_graciae_UWBM_114091_CHIH Setophaga_graciae_UWBM_114091_CHIH 0.106155 0.0148346 0.0125786 -0.0288828 0.177282 -0.000617285 0.33323 0.28326 0.551806 0.276231 0.0615215 -0.317988 0.108547 -0.0862665 0.23317 0.0425408 0.138574 -0.0636909 -0.0395653 -0.187378 -0.0551532 -0.118381 0.0139033 -0.18007 -0.14175 0.00996707 -0.0198551 0.0637889 0.0576526 -0.026655 -0.138031 0.0500374 0.0519881 -0.00264067 9.00052e-05 0.00020182 0.0226362 -0.0986468 0.0490379 -0.0032224 -0.0419567 -0.0664762 -0.00848974 -0.00389441 -0.149071
Setophaga_graciae_UWBM_114126_CHIH Setophaga_graciae_UWBM_114126_CHIH 0.105337 0.0107971 0.0096886 -0.0565528 0.137397 -0.0239083 0.161853 0.180217 -0.034232 -0.0396659 -0.157286 -0.0111869 -0.153003 -0.143636 0.0959381 0.0204268 0.244464 0.406189 0.0910108 0.204159 0.275083 0.302589 -0.370762 0.0467627 0.167684 0.011671 0.211386 -0.172399 -0.0871447 -0.262157 0.0124722 -0.0402866 0.0216931 0.115066 -0.0172804 0.0234322 0.107986 0.110805 0.030435 -0.00740909 0.0052026 0.0310626 0.0323533 -0.00208836 -0.149071
Setophaga_graciae_UWBM_114127_CHIH Setophaga_graciae_UWBM_114127_CHIH 0.107324 0.0182195 0.0118597 -0.0425147 0.126037 0.039954 0.0644563 0.0715558 -0.0620731 -0.214337 0.0793819 -0.00287949 0.260295 0.328943 -0.0566081 0.181063 0.0119611 0.0282176 -0.35013 0.0541777 0.242977 0.190919 -0.208289 0.218389 -0.159314 0.0275942 -0.048623 0.202785 0.113724 0.291205 -0.227662 0.214964 -0.0856857 -0.132308 0.120881 -0.181318 0.0143919 0.0357975 -0.0528535 0.11398 -0.0137098 -0.00600111 -0.0282191 0.0105594 -0.149071
Setophaga_graciae_UWBM_114128_CHIH Setophaga_graciae_UWBM_114128_CHIH 0.105941 0.0224122 -0.00755423 -0.028065 0.165631 0.0146999 0.147975 0.069101 -0.0572391 -0.137501 -0.21169 -0.0313162 0.0811446 0.0535295 -0.0847492 0.00711647 0.201237 0.0967863 -0.0891179 0.238929 -0.144243 -0.0680571 0.476171 0.143419 -0.11726 -0.306191 -0.190326 -0.161525 -0.302695 0.0564727 -0.1188 -0.362274 0.0575184 0.0301613 -0.014006 -0.0722279 -0.0349118 0.0745 -0.0832681 0.0634521 -0.034174 0.00523484 0.00668577 -0.00127907 -0.149071
Setophaga_graciae_UWBM_114282_NEV Setophaga_graciae_UWBM_114282_NEV 0.115005 0.028798 0.02119 -0.0924475 -0.244433 -0.0379359 0.0296138 0.0585818 0.13142 -0.55604 0.0585986 -0.07398 -0.277701 0.118379 0.182301 0.121042 -0.198842 0.247155 0.268046 -0.0524499 -0.206965 -0.248638 -0.141151 -0.00385587 -0.0741634 -0.0268704 -0.124769 0.0573133 0.120398 0.102274 -0.0594017 -0.0849348 -0.0254654 0.186094 0.0723366 0.000164086 0.0604769 -0.0242938 -0.0401841 -0.0122497 -0.0122668 -0.0797333 0.0305047 -0.0174366 -0.149071
Setophaga_graciae_UWBM_114424_NEV Setophaga_graciae_UWBM_114424_NEV 0.1104 0.0299999 0.0218588 -0.0953822 -0.21012 -0.0141249 0.0103648 -0.150799 0.214728 -0.120349 0.169697 -0.0365764 -0.132065 0.0746794 0.0374304 -0.0281772 -0.143215 -0.326893 -0.154914 0.0162067 0.100391 0.0723632 0.0196412 -0.0525183 0.455828 -0.391729 0.126644 -0.104029 -0.215804 -0.181113 -0.206185 0.0788301 -0.0599897 -0.193413 -0.0563325 -0.118108 0.145928 0.0370884 -0.0332804 -0.0361313 0.0113321 -0.0469281 -0.00262589 -0.0120172 -0.149071
Setophaga_graciae_UWBM_115308_GUE Setophaga_graciae_UWBM_115308_GUE 0.0506088 -0.0768111 -0.0586659 0.438165 -0.060861 -0.01605 0.0106874 0.0695115 -0.0713696 -0.0918023 -0.0598102 0.0492018 -0.209299 -0.00673448 0.0358124 0.0457554 0.112503 0.0535672 -0.0303174 -0.267395 -0.0653519 0.215818 0.0254017 -0.132505 -0.00579109 -0.0737072 -0.21265 0.0167999 -0.128243 -0.00878087 -0.104403 0.272183 -0.0874224 0.0131606 -0.288837 -0.0520608 -0.499429 0.0865461 0.102667 -0.111273 -0.0800505 0.0910891 -0.0160961 0.000510297 -0.149071
Setophaga_graciae_UWBM_69981_PCA Setophaga_graciae_UWBM_69981_PCA -0.263277 0.396456 0.237867 0.0728399 -0.000152754 0.0237702 0.00986982 -9.92806e-05 0.0113775 -0.0259997 0.00720792 0.00576802 -0.0225513 -0.031461 0.00402598 -0.0106338 0.0118735 0.0141217 0.0202559 0.0150714 0.00571039 -0.00534324 -0.00354539 0.0053247 0.00631223 -0.0108487 -0.00767214 -0.0125702 0.00707498 -0.0071675 -0.00152431 -0.0156856 -0.0175428 0.00459947 0.0429785 0.0336408 0.00140594 -0.00285909 0.0234055 0.00196974 0.0230044 0.0595877 -0.821934 0.0298141 -0.149071
Setophaga_graciae_UWBM_77653_ARI Setophaga_graciae_UWBM_77653_ARI 0.104937 0.0194036 7.73958e-05 -0.0781282 0.0121667 0.0258239 0.0612775 -0.16203 -0.265069 0.174211 0.277579 -0.38665 0.030716 0.0747227 -0.060363 -0.0356499 0.105109 0.0975958 0.0149189 -0.062734 -0.277148 -0.0612509 -0.0865883 0.0988959 -0.00170077 0.185535 -0.133598 -0.179476 -0.182201 -0.096896 0.10061 0.10328 -0.51277 -0.016935 -0.00889848 -0.0549943 0.132213 0.0356843 -0.151417 -0.107437 -0.0104303 0.0260111 -0.00977947 0.000748411 -0.149071
Setophaga_graciae_UWBM_77735_ARI Setophaga_graciae_UWBM_77735_ARI 0.10558 0.0041609 0.0209177 -0.081553 -0.15596 -0.0376027 0.0799388 -0.204974 0.185982 0.0135237 -0.279785 -0.244173 0.0661737 -0.355898 -0.424018 0.0805224 -0.088159 -0.0812166 0.147328 -0.0920761 0.12694 0.0514292 -0.0950772 0.441779 0.0773203 -0.00737794 -0.235847 0.107398 0.0485785 0.0240156 0.0578199 0.052479 0.0842769 -0.00444069 -0.0334117 0.135969 -0.113164 -0.0506938 -0.0481072 -0.017756 -0.0147235 -0.0139536 0.00403223 0.0221327 -0.149071
Setophaga_graciae_UWBM_84639_ARI Setophaga_graciae_UWBM_84639_ARI 0.109773 0.0221891 0.0171763 -0.0840068 0.0415409 0.0448022 0.0780435 -0.237947 -0.387053 0.193168 0.164937 -0.335413 -0.209556 0.166802 0.037836 0.0951581 -0.0437021 0.0307229 -0.0172182 -0.150281 0.0541861 0.224948 0.0589721 -0.13118 0.0469454 -0.11307 -0.0523679 0.101405 0.184434 0.0554294 -0.0202336 -0.232366 0.438139 0.072861 0.0351146 0.0170415 0.00483652 -0.133915 0.210055 -0.0188149 -0.030294 -0.0235254 -0.0131042 0.00699892 -0.149071
Setophaga_graciae_UWBM_93801_CPN Setophaga_graciae_UWBM_93801_CPN -0.219302 -0.0524787 -0.204954 -0.0636708 0.0168754 -0.129039 -0.0486613 0.0112679 -0.0497465 0.0262291 -0.090296 0.0305427 -0.0558727 -0.0763048 -0.103512 -0.0197751 -0.0269349 0.0212821 0.0776814 -0.0721866 -0.0236601 0.0361277 0.122868 -0.060485 0.0276853 0.0858886 -0.0921713 -0.0335852 -0.227452 0.0919912 -0.0602196 0.36388 0.0743449 0.2893 -0.0518884 -0.245164 0.371881 -0.122566 0.227407 0.422541 -0.139011 -0.160037 -0.0235974 0.0318212 -0.149071
Setophaga_graciae_UWBM_93805_CPN Setophaga_graciae_UWBM_93805_CPN -0.220926 -0.051185 -0.21478 -0.0863718 0.027491 -0.140758 -0.0104209 0.0599959 -0.0351749 -0.0785125 0.0628397 -0.0681528 0.0420617 0.0503958 0.0199783 -0.019909 0.156091 -0.0131216 0.0360563 -0.0185393 0.073552 -0.0794214 -0.0806346 -0.0355688 0.00757697 -0.120026 0.0228314 -0.0414147 0.0913115 0.244387 0.124955 -0.00484711 0.120358 -0.104199 -0.602153 0.111267 0.154824 -0.168575 -0.306818 -0.0230858 0.27268 0.243284 -0.0106408 -0.0171166 -0.149071
Setophaga_graciae_UWBM_93806_CPN Setophaga_graciae_UWBM_93806_CPN -0.224241 -0.0451962 -0.232009 -0.0788468 -0.0110066 -0.156529 0.0279995 0.00643225 0.0446898 0.114186 0.0331603 -0.0514447 -0.0961311 0.0232453 0.113623 -0.0179301 -0.0429507 0.0120918 -0.0200879 -0.019647 0.0567588 0.0136402 0.0502629 -0.0490952 0.0685474 -0.103734 -0.129542 0.0117477 0.0306319 -0.0542195 0.232884 0.134944 0.138689 0.087303 0.489356 -0.128362 -0.223707 0.279142 -0.42298 0.133084 0.106604 0.240061 0.0211371 -0.0388006 -0.149071
Setophaga_graciae_UWBM_93807_CPN Setophaga_graciae_UWBM_93807_CPN -0.221309 -0.0450735 -0.219322 -0.0614043 -0.0116626 -0.132649 0.00228128 -0.0260661 0.0208531 -0.0184702 -0.012829 0.00350496 0.0515821 0.0699572 0.018504 0.0543056 0.117864 0.0572222 -0.108565 0.099633 -0.00879919 -0.0376925 -0.121245 -0.0623216 0.0906478 -0.282114 0.0339212 0.00397175 -0.00118954 0.100724 0.248323 -0.074832 -0.304704 -0.120865 0.199286 0.385886 -0.222028 -0.333048 0.28361 0.111763 -0.21344 -0.153279 0.0293703 -0.0142501 -0.149071
Setophaga_graciae_UWBM_93808_CPN Setophaga_graciae_UWBM_93808_CPN -0.218387 -0.0440022 -0.204965 -0.0630109 0.00383928 -0.15258 0.0125882 -0.0307958 -0.0413442 0.0343429 -0.0682864 0.0332704 0.03009 -0.0320557 -0.0490912 0.00069013 -0.0196632 0.0449573 0.0580921 -0.028361 0.0163661 0.0167001 0.0726939 -0.0452406 -0.124545 -0.0338745 0.0852845 -0.0327021 0.00870669 0.18233 -0.150131 0.110177 0.0716503 -0.0891184 0.0829293 0.129768 0.198642 0.37832 0.0415704 -0.643045 -0.161329 -0.276129 -0.0164281 0.011918 -0.149071
Setophaga_graciae_UWBM_95850_ARI Setophaga_graciae_UWBM_95850_ARI 0.106732 0.029646 0.00153664 -0.0799816 -0.131309 0.0124163 0.164585 -0.45237 0.222978 0.0931667 0.0680252 0.401481 0.0696019 0.0239523 0.175058 -0.341313 0.155708 0.331194 -0.212013 -0.00174531 -0.129415 0.0123281 0.00328422 0.0584021 0.0964412 0.153703 -0.16753 0.165339 -0.0433477 0.0713801 0.0790791 0.0126155 0.135751 -0.0226004 -0.0510122 -0.0106841 0.0360581 -0.0384523 0.0516488 -0.0594752 0.0363716 0.0173692 0.00502003 -0.00010443 -0.149071
