Setophaga_graciae_CM_S10255_BEL Setophaga_graciae_CM_S10255_BEL -0.200516 -0.489484 -0.470045 0.0221639 0.0263551 0.103798 0.0677887 -0.00396237 -0.0103754 -0.0192719 0.0501031 -0.00172767 0.0563798 0.00307481 -0.0418207 0.0560598 0.00123984 0.063587 0.0736127 -0.0322391 -0.0541256 -0.010818 -0.0669756 -0.0638753 -0.0822808 0.0144251 -0.00174247 0.0715886 -0.0276268 -0.0258217 -0.0649121 0.0795363 -0.0203092 -0.0678595 0.0204435 0.161556 -0.171676 -0.138245 0.0599562 -0.00855871 -0.426957 -0.364725 -0.00506538 0.0637978 -0.149071
Setophaga_graciae_CM_S9116_BEL Setophaga_graciae_CM_S9116_BEL -0.194504 -0.454865 -0.445294 0.0148681 -0.0122634 0.00967445 -0.0791387 -0.0250222 0.0497834 0.026486 -0.0605844 -0.00461638 -0.0655926 -0.00469763 0.0252594 -0.0358406 0.00311113 -0.0677078 -0.1011 0.00670485 0.0452853 -0.00212079 0.0456147 0.0430428 0.0714227 -0.0161858 0.00606335 -0.0854574 0.0260872 0.0221921 0.0686173 -0.0981225 0.0187914 0.046217 -0.0242313 -0.157808 0.18369 0.155532 -0.0867184 0.0220031 0.453841 0.40213 -0.00990328 -0.0594057 -0.149071
Setophaga_graciae_DMNS_52524_COL Setophaga_graciae_DMNS_52524_COL 0.112952 0.0180375 -0.0231963 -0.0719649 -0.147806 0.0976857 0.0265972 0.0590156 -0.0199468 0.205393 0.00938714 0.0958256 0.248791 -0.00640371 0.0378965 0.0735169 0.318257 0.384972 0.017119 0.0539986 -0.295868 -0.0969336 0.203971 -0.00487955 -0.0337058 -0.067758 -0.101582 -0.090398 -0.255724 -0.109532 -0.186631 0.0205731 -0.171805 0.21616 0.0207247 -0.00507238 0.334281 0.0963923 0.265798 -0.0553517 -0.027585 0.0396978 -0.0290768 0.00341639 -0.149071
Setophaga_graciae_KU_33633_RACN Setophaga_graciae_KU_33633_RACN -0.270095 0.412426 -0.249532 0.0657973 -0.00499731 0.00322375 0.0137058 -0.0191393 0.00913512 0.0144891 -0.0156107 0.0242634 -0.00446333 0.00318059 -0.0368305 -0.0105656 0.0280789 -0.0271131 -0.00341149 -0.00170423 -0.000877441 -0.00259764 0.0364635 0.000243104 -0.0104271 -0.0169672 -0.00161467 0.016351 0.0752197 0.0293588 0.00568329 0.0147034 0.00283291 -0.00189974 0.0197872 -0.0269025 0.0428058 -0.000578214 -0.0128599 -0.0108638 0.0471961 0.0246611 -0.0361459 0.804504 -0.149071
Setophaga_graciae_KU_33634_RACN Setophaga_graciae_KU_33634_RACN -0.272942 0.420291 -0.257756 0.086303 0.00324221 0.0144763 -0.0296481 0.0323726 -0.0119926 -0.0130269 0.0293479 -0.0337131 0.0169576 -0.0141069 0.0267357 0.00602684 -0.00385215 -0.00233168 0.000615061 -0.000748416 0.0255977 -0.00765568 -0.0304855 -0.0138715 0.00745928 -0.0280489 0.0219803 -0.0224175 0.00803647 0.022335 0.00940943 -0.0879773 -0.0204169 0.0139706 -0.040055 -0.0736276 -0.00513389 -0.0396517 0.0250012 0.0439647 -0.0441314 -0.0698029 -0.650025 -0.440261 -0.149071
Setophaga_graciae_KU_8199_SANA Setophaga_graciae_KU_8199_SANA -0.208164 -0.0385862 0.178783 -0.0782805 -0.00372915 0.117482 0.0130787 0.0273454 -0.0068157 -0.0017709 -0.116767 0.00949685 -0.0258125 -0.0170985 -0.0691894 -0.13104 0.032066 0.00606904 -0.0257511 0.0377488 0.0421832 0.109428 -0.0700755 0.0823869 0.161598 -0.119531 -0.14429 -0.0749346 -0.0774288 -0.17459 0.0907926 0.137166 -0.0375518 0.208068 0.0953768 -0.2542 -0.404449 0.105106 0.118879 0.168406 -0.394051 0.439773 0.00105272 0.0157606 -0.149071
Setophaga_graciae_KU_8218_SANA Setophaga_graciae_KU_8218_SANA -0.222036 -0.0532647 0.213978 -0.0812346 0.0474534 0.179447 0.0419213 0.0028118 0.0521803 -0.0228177 -0.078864 -0.0128842 -0.00968808 -0.0743859 -0.123856 -0.0043825 0.0762404 -0.0381092 -0.0777217 -0.107825 0.142227 0.0431647 0.087217 0.114419 -0.0437432 -0.0583687 -0.0854965 -0.160465 -0.317604 0.202126 0.100409 -0.258886 0.062237 -0.254876 -0.0296939 -0.126142 -0.185047 -0.0792873 0.39156 -0.302696 0.239107 -0.226034 0.0444088 0.0122558 -0.149071
Setophaga_graciae_UWBM_105736_ARI Setophaga_graciae_UWBM_105736_ARI 0.105662 -0.00124576 0.002554 -0.0384002 -0.101844 -0.0248301 -0.0822437 0.301227 0.233605 0.0402743 0.256774 0.222972 -0.329435 0.0866456 -0.237464 -0.332677 0.00811328 -0.10576 -0.0524874 -0.131468 -0.0462805 0.201043 -0.131207 -0.181987 -0.225774 -0.265851 -0.153628 0.0817964 -0.0329356 0.0541976 0.134447 0.116938 0.111919 0.103818 0.0590864 0.141406 0.170138 0.038259 0.0938642 0.00990253 0.0127171 -0.0422788 -0.0377596 -0.017722 -0.149071
Setophaga_graciae_UWBM_106758_NM Setophaga_graciae_UWBM_106758_NM 0.109645 0.0105648 -0.0312701 -0.0890993 -0.196672 0.0405717 -0.149945 -0.0219851 0.0159634 -0.13859 0.0820268 -0.13902 0.148566 -0.0600745 0.136335 -0.243888 -0.565863 0.132764 0.105786 -0.154043 -0.336619 0.0561785 -0.0737652 0.209088 0.202979 -0.18082 0.0590886 0.155638 0.0493378 0.0420132 -0.155096 -0.0728277 0.0608711 -0.0180286 -0.0289587 -0.205486 -0.00651463 -0.0131686 0.105754 -0.0558846 0.0440591 -0.0698662 0.0360731 0.0297361 -0.149071
Setophaga_graciae_UWBM_106760_NM Setophaga_graciae_UWBM_106760_NM 0.103849 0.0246524 -0.0184385 -0.0835224 -0.244011 0.0581511 0.125934 -0.0809528 -0.113032 -0.0636514 0.203323 -0.0245199 -0.117137 -0.202101 0.0730236 0.115094 -0.142409 0.275016 0.151976 -0.0690608 0.0447222 -0.0525966 -0.129294 0.102682 -0.186992 0.388922 -0.0405823 -0.156435 -0.116186 0.288168 0.250818 0.117618 0.0609026 0.0871627 0.0565321 0.241442 -0.155917 0.0647634 0.0680177 0.242976 0.125218 0.123065 -0.0590001 0.0333791 -0.149071
Setophaga_graciae_UWBM_108714_NEV Setophaga_graciae_UWBM_108714_NEV 0.108918 0.021727 -0.0161701 -0.0845089 -0.178905 0.0265041 0.0195887 -0.256332 -0.130945 0.228318 -0.115644 -0.234823 0.0688299 0.255758 -0.00669815 -0.115602 -0.0167163 -0.0922001 0.10791 0.0130898 0.141713 -0.0101719 0.174532 -0.0721333 0.0584323 -0.196604 -0.238132 0.352235 -0.217987 -0.0520916 0.113135 0.124359 -0.192569 -0.311385 0.0508294 0.231426 -0.0942932 0.083432 -0.0946858 0.144059 0.132965 0.0137583 -0.0799063 -0.00968103 -0.149071
Setophaga_graciae_UWBM_111891_NM Setophaga_graciae_UWBM_111891_NM 0.104478 0.025822 -0.024858 -0.0903325 -0.338478 -0.0059464 0.220875 -0.00148439 -0.0984789 -0.191617 0.035431 0.383987 -0.00406377 -0.0589232 0.105257 0.118315 0.0528385 -0.274798 -0.0704186 -0.00658549 -0.0247868 0.118819 -0.051511 -0.0517373 -0.0143177 0.0596949 -0.0110664 -0.0339569 -0.114225 0.00493009 -0.272414 -0.175831 -0.073865 -0.305303 0.391473 -0.180634 0.0534382 -0.085203 -0.176556 0.0651685 -0.082973 0.0787257 0.0112152 -0.0210738 -0.149071
Setophaga_graciae_UWBM_111896_NM Setophaga_graciae_UWBM_111896_NM 0.105842 0.0141468 -0.0348779 -0.0920349 -0.280131 0.105723 0.131057 0.0201276 -0.391168 0.200903 -0.205445 0.190753 0.0264993 -0.103547 0.159293 0.0228459 0.0354797 -0.150815 0.0435493 -0.207386 0.206898 0.040445 0.0256207 -0.146374 0.0513945 -0.0430505 0.0834229 0.102941 0.243814 -0.0153469 0.171762 -0.00463772 0.209039 0.187808 -0.374284 -0.0412614 0.0604084 -0.0772876 0.0942054 -0.205682 -0.0907555 0.000153926 0.0530075 -0.0294906 -0.149071
Setophaga_graciae_UWBM_112576_GUE Setophaga_graciae_UWBM_112576_GUE 0.0479838 -0.0423474 0.0908265 0.463272 -0.0780261 0.0725347 0.00227655 0.0739355 0.128177 0.0447032 0.00837843 0.115318 -0.128938 0.261147 0.0388603 0.142418 -0.166694 -0.0365326 0.164193 -0.00657764 0.152614 -0.377851 0.0712674 0.0928035 -0.154679 0.121889 -0.0570998 0.0674376 -0.0646487 -0.137273 -0.150324 0.328778 0.184427 -0.0936487 -0.0520101 -0.307241 0.0260416 -0.0480783 0.120465 -0.0146359 0.0339614 0.0168733 -0.01659 -0.00891809 -0.149071
Setophaga_graciae_UWBM_112587_GUE Setophaga_graciae_UWBM_112587_GUE 0.0517372 -0.0430417 0.0842049 0.507744 -0.0742896 0.111084 -0.0367911 0.0308033 -0.169025 0.0238795 0.0378027 -0.0531536 -0.18799 -0.339423 -0.125045 0.0944912 0.100758 -0.143856 -0.0756093 0.12249 -0.209154 0.341515 0.126492 0.207008 0.232236 0.0775509 -0.124949 0.0651035 0.0412281 -0.0470799 0.0251654 0.0795321 -0.141231 0.0592771 -0.0641735 0.0311109 -0.0205472 0.144347 -0.0832065 0.039535 0.0850345 -0.228996 0.011187 -0.011355 -0.149071
Setophaga_graciae_UWBM_112592_GUE Setophaga_graciae_UWBM_112592_GUE 0.0550957 -0.0328435 0.0970866 0.419389 -0.0506177 -0.00123186 0.0455032 -0.0805065 0.0907378 -0.0186484 -0.00300856 0.0505677 0.142063 0.183794 0.0286956 -0.0471177 0.000879112 0.00688292 0.0198486 -0.0228227 0.0116566 -0.0242151 -0.0950941 -0.124462 0.0442716 -0.119529 0.0038025 -0.0844471 -0.0914916 0.0190021 -0.216598 -0.535942 0.202704 0.176858 -0.15153 0.376994 -0.183691 -0.0167351 -0.0369719 0.145236 -0.00403894 0.142805 0.0112549 0.0460203 -0.149071
Setophaga_graciae_UWBM_113059_CHI Setophaga_graciae_UWBM_113059_CHI -0.153228 -0.0859649 0.138105 0.00920614 -0.092336 -0.584602 -0.040662 -0.041779 -0.132553 -0.000311941 0.141639 -0.0372493 -0.126252 -0.0728198 0.0242614 0.12944 -0.0741215 0.0689237 0.0193952 0.0257549 -0.0602378 0.0188144 -0.0788083 -0.287613 -0.217427 0.0167791 0.158617 0.121343 -0.0705552 -0.2156 -0.0603731 -0.06607 -0.250741 0.0200126 -0.119525 -0.0890921 -0.207601 0.216373 0.0807595 -0.232525 0.0766344 0.0160663 -0.0402877 0.0399677 -0.149071
Setophaga_graciae_UWBM_113126_CHI Setophaga_graciae_UWBM_113126_CHI -0.167868 -0.0951286 0.120279 -0.0230404 -0.101758 -0.658276 -0.0503368 0.0416754 0.0506101 0.166091 -0.0947778 0.0562577 0.159163 -0.0175758 -0.0539437 -0.00867133 0.0633017 -0.0146803 -0.013535 -0.039235 -0.00716456 0.0052579 0.17512 0.283721 0.177704 0.0186372 -0.0979294 -0.0699493 0.0464773 0.172756 0.0689184 0.0854429 0.266872 -0.0325897 0.0697401 0.0664761 0.123936 -0.238239 0.00241001 0.18017 -0.0927816 -0.0605237 -0.0158097 -0.0187506 -0.149071
Setophaga_graciae_UWBM_113970_DUR Setophaga_graciae_UWBM_113970_DUR 0.103233 -0.0100958 -0.0239685 -0.0344502 0.221176 -0.028383 0.0339592 0.265412 -0.316069 -0.0317837 0.222791 0.0126975 0.0599365 -0.112331 -0.054403 -0.310892 -0.1711 0.0612598 -0.169858 0.274925 0.222249 -0.224866 0.147799 -0.126697 0.187603 0.235856 -0.172835 0.0044745 0.122264 -0.246916 -0.0214659 -0.152633 0.0615616 -0.100356 0.147073 0.0939178 0.0364066 -0.0200445 0.185518 0.00955698 0.0219455 -0.00199633 -0.00957809 0.0239213 -0.149071
Setophaga_graciae_UWBM_114011_DUR Setophaga_graciae_UWBM_114011_DUR 0.0969476 0.00963523 0.0033612 0.00352351 0.210017 -0.11998 0.461519 -0.127817 -0.170333 -0.1483 0.00657474 -0.259298 -0.250725 0.021853 -0.162539 -0.0442872 0.0798784 0.0399655 -0.159432 -0.312376 -0.0716151 -0.228421 -0.278332 0.0522654 0.203394 -0.0895699 -0.081657 -0.0519122 -0.188532 -0.0112456 -0.0728694 0.0685321 -0.0216549 0.0611054 -0.107405 -0.0643298 0.209175 -0.108882 -0.131228 -0.0545191 -0.035914 0.0145322 -0.014801 0.0102844 -0.149071
Setophaga_graciae_UWBM_114012_DUR Setophaga_graciae_UWBM_114012_DUR 0.0979839 0.0189327 -0.0347264 -0.0424889 0.164072 -0.0395714 0.0951272 -0.0454933 0.0454514 -0.107447 0.0992101 -0.0332951 0.000717098 0.27232 0.0996445 0.0813612 -0.0177113 -0.0452833 0.145308 -0.192765 0.182652 0.282569 0.132637 0.429253 -0.144671 0.117004 0.124911 0.0677809 -0.0113113 -0.395076 0.242797 -0.241002 -0.0540864 0.182036 0.169519 0.0299557 0.150473 0.0659493 0.0399676 -0.0531089 -0.069799 -0.0632696 0.0135292 0.00361043 -0.149071
Setophaga_graciae_UWBM_114019_DUR Setophaga_graciae_UWBM_114019_DUR 0.105139 0.00890632 -0.00869469 0.0051977 0.160403 -0.0500244 0.344216 -0.0598316 0.414666 -0.219308 -0.044318 0.112285 -0.0347432 -0.130108 0.246041 0.135279 -0.173367 0.0355586 -0.14391 0.160432 -0.0465724 -0.0239623 0.405036 -0.240078 0.118908 -0.094751 -0.0234164 0.179362 -0.0363475 0.170195 0.263161 0.0127174 -0.0192609 0.0726736 -0.0849023 -0.0282924 -0.0038631 0.051236 0.00321597 -0.00820935 -0.101873 0.00379123 -0.00467986 -0.0110195 -0.149071
Setophaga_graciae_UWBM_114038_DUR Setophaga_graciae_UWBM_114038_DUR 0.105939 0.00512726 -0.00164364 -0.0319657 0.255309 -0.0249204 0.318605 -0.0911585 0.0828032 0.0823991 0.00632365 0.0335222 -0.00182121 -0.130118 0.0975496 -0.122882 0.244071 0.0789628 0.179279 -0.0335268 -0.12763 0.117877 0.00543895 0.133786 -0.179796 -0.143217 0.0404763 -0.0122809 0.466662 -0.0503969 -0.251847 0.131177 0.111256 -0.285832 -0.00490126 0.0760111 -0.209348 0.0757171 0.176751 0.0355338 0.173416 0.11602 -0.0517714 -0.0510533 -0.149071
Setophaga_graciae_UWBM_114046_DUR Setophaga_graciae_UWBM_114046_DUR 0.100648 0.0132209 -0.00708756 -0.038854 0.0886085 0.0241089 0.220314 0.0302365 -0.0594825 0.232518 0.0792622 0.114947 0.302864 0.142567 -0.302117 0.215802 -0.197516 0.114969 -0.175608 0.457489 0.0341521 0.171655 -0.320998 0.14582 -0.129241 -0.139619 0.0795661 0.0569289 -0.0238074 0.0747986 0.118182 0.0243035 0.0650156 -0.00925429 -0.113458 -0.146232 -0.00593032 -0.0246407 -0.148097 -0.0242699 0.0694906 -0.0213029 0.013723 -0.00639648 -0.149071
Setophaga_graciae_UWBM_114047_DUR Setophaga_graciae_UWBM_114047_DUR 0.099604 0.00902753 -0.00305175 -0.0516651 0.218779 0.0399534 -0.0175373 0.126048 -0.0580865 0.0622627 0.141427 -0.16396 0.16902 -0.18548 -0.30551 0.125351 -0.13588 -0.28646 0.417889 -0.0991222 -0.00108647 0.0901451 0.293902 -0.20851 0.00149799 -0.0553772 0.250174 -0.177453 -0.193963 0.057912 -0.124199 0.122644 0.0334638 0.0881394 0.0468296 0.0186893 -0.00207872 -0.159146 -0.104551 -0.0343227 0.0133745 0.180088 -0.0157152 -0.00276237 -0.149071
Setophaga_graciae_UWBM_114087_CHIH Setophaga_graciae_UWBM_114087_CHIH 0.104676 0.0132969 -0.0313209 -0.0580559 0.116232 -0.0476277 -0.25554 0.053906 -0.038945 -0.326459 0.145063 0.000741655 0.145724 0.0691686 0.152623 0.166679 0.149133 0.125811 -0.156586 -0.0957771 0.469634 0.259579 -0.0632655 -0.017772 0.15889 -0.0913239 -0.0246866 0.0768901 -0.0582748 0.18118 -0.328596 0.268161 -0.0122084 0.0578814 -0.135879 0.00358297 -0.00870564 0.0972067 0.0707344 0.0904206 0.0614873 -0.0479251 0.0229293 0.0236993 -0.149071
Setophaga_graciae_UWBM_114088_CHIH Setophaga_graciae_UWBM_114088_CHIH 0.109746 0.0131977 -0.0108048 -0.0287525 0.0932236 -0.00528826 -0.14424 0.0281929 -0.110821 0.14575 -0.239448 0.171245 -0.340777 0.0861903 0.116362 0.124841 -0.29067 0.00370405 -0.153242 0.0651194 0.0504471 -0.107173 0.0522544 0.161088 0.0359834 -0.286221 0.215618 -0.393434 0.061296 0.0493692 -0.065601 0.0673761 -0.330775 -0.0276227 0.0709568 0.279264 -0.0135348 -0.0551922 0.0849109 -0.00385142 -0.0500581 -0.01597 -0.018923 0.0136059 -0.149071
Setophaga_graciae_UWBM_114090_CHIH Setophaga_graciae_UWBM_114090_CHIH 0.104402 0.0266375 0.0164904 -0.00464073 0.208979 0.0729917 -0.260125 -0.171314 0.139657 0.411788 0.0191437 0.119496 -0.226417 -0.252253 -0.0501462 0.0925681 0.0773898 0.269544 -0.0425164 -0.16316 0.110035 -0.0497989 -0.0999889 -0.0475346 0.159678 0.0916453 0.217087 0.370939 -0.0673499 0.0313051 -0.0265229 -0.188416 0.104523 -0.0667006 0.214724 -0.104394 -0.00235538 -0.0789584 -0.0848164 0.0249873 -0.0820968 0.0498698 0.0152567 -0.00317202 -0.149071
Setophaga_graciae_UWBM_114091_CHIH Setophaga_graciae_UWBM_114091_CHIH 0.110567 0.0189167 -0.0174376 -0.0285059 0.197561 -0.0440688 -0.279353 -0.263208 -0.16601 -0.402056 -0.416036 0.292299 0.0159086 -0.09832 -0.282419 -0.090361 -0.0243742 0.113717 0.123735 0.0562635 -0.095396 -0.0432126 0.0546059 0.0287409 -0.284987 0.043404 -0.231376 0.0955255 -0.0133532 -0.0175368 0.0166639 -0.0128518 0.0451303 0.0547982 -0.0657929 0.0151555 0.0284161 -0.065213 -0.122238 -0.0626053 0.00636636 0.0289484 -0.0375739 -0.030567 -0.149071
Setophaga_graciae_UWBM_114126_CHIH Setophaga_graciae_UWBM_114126_CHIH 0.109668 0.0184034 -0.0287155 -0.0427719 0.193574 -0.011501 -0.10494 0.0958637 -0.150275 0.00140719 0.129634 0.206349 0.11203 0.32178 0.0265339 -0.15036 0.219364 -0.267758 -0.0990531 -0.090037 -0.322348 -0.239442 0.0450516 0.117158 0.0766153 0.213675 0.246052 0.134814 -0.0419357 0.316268 0.118403 0.0229076 -0.117257 0.0403412 -0.0756661 -0.055136 -0.246036 0.190202 -0.0023582 0.0186625 -0.00145616 -0.0230388 0.0182526 -0.0143033 -0.149071
Setophaga_graciae_UWBM_114127_CHIH Setophaga_graciae_UWBM_114127_CHIH 0.107123 0.0340385 0.00463274 -0.0245423 0.156531 -0.0210785 -0.0697381 0.0667507 0.243142 0.137625 -0.234938 0.0732372 0.304347 -0.0558152 0.0377624 0.167021 -0.138568 -0.170041 -0.0611324 -0.312472 -0.106772 0.0253987 -0.318307 -0.246734 0.112156 0.221157 -0.236421 -0.199028 0.0533984 -0.248661 0.128357 0.073798 -0.115506 -0.0595686 0.00838876 0.0130264 -0.011303 0.10786 0.0768412 0.150167 0.140274 -0.148074 -0.00245588 0.01679 -0.149071
Setophaga_graciae_UWBM_114128_CHIH Setophaga_graciae_UWBM_114128_CHIH 0.101659 0.00526648 -0.0089329 -0.0322456 0.18505 -0.0258025 -0.149605 -0.34312 -0.0991324 0.207715 0.0912137 -0.206589 -0.149092 0.131842 0.360669 -0.10511 0.00105558 -0.158069 0.00628192 0.23438 -0.0996326 0.199898 -0.0282621 -0.166664 -0.140198 0.1041 -0.225856 -0.284719 -0.0662743 0.145306 -0.0568959 -0.0163261 0.237998 0.0676581 0.0406935 -0.210129 0.0955847 0.0313771 -0.0203075 -0.0707699 -0.153461 -0.0983553 0.0184568 0.0206116 -0.149071
Setophaga_graciae_UWBM_114282_NEV Setophaga_graciae_UWBM_114282_NEV 0.109895 0.0331616 -0.0147114 -0.0876421 -0.202569 0.0344139 -0.0409109 -0.186794 0.263148 0.0512147 0.0201127 -0.149877 0.160176 -0.294886 -0.0433023 -0.255538 0.0390468 -0.202646 -0.420579 0.00142916 0.15325 -0.199407 0.0942011 0.176677 -0.279715 0.0548561 0.180429 -0.0807074 -0.0594736 -0.182034 -0.147031 0.117874 0.0247167 0.153078 -0.068668 0.0524835 -0.111495 0.0272311 -0.176157 -0.0458085 -0.0222703 -0.0981082 -0.00959367 -0.00658112 -0.149071
Setophaga_graciae_UWBM_114424_NEV Setophaga_graciae_UWBM_114424_NEV 0.108333 0.0313803 -0.0149414 -0.126514 -0.231611 0.0453702 0.00553875 0.0229943 0.0724615 -0.0552826 -0.184657 -0.276648 -0.161768 0.349068 -0.3993 0.155368 -0.00287364 0.179145 -0.200295 -0.0556201 -0.0754561 0.124811 0.241723 -0.195489 0.058958 0.243344 0.083629 -0.0836456 0.315241 0.049699 -0.126086 -0.069312 0.122907 -0.00685492 0.0805005 -0.0784482 -0.0891169 0.0909004 0.0249376 -0.000729621 -0.0329455 -0.047908 0.00461078 -0.0393975 -0.149071
Setophaga_graciae_UWBM_115308_GUE Setophaga_graciae_UWBM_115308_GUE 0.0555453 -0.0528944 0.100181 0.419409 -0.0418838 0.0034942 -0.0499352 -0.00591532 -0.0632735 -0.107709 -0.0641023 -0.19195 0.283923 -0.0165872 0.050195 -0.22071 0.0949167 0.168592 -0.0660989 -0.102459 0.102256 0.0322893 -0.0883047 -0.166282 -0.149791 -0.0814401 0.209198 -0.0987834 0.176113 0.202871 0.311527 0.0588293 -0.214961 -0.15668 0.280425 -0.0928349 0.170467 -0.0750465 -0.00379916 -0.124803 -0.133087 0.103925 0.0386321 -0.0127714 -0.149071
Setophaga_graciae_UWBM_69981_PCA Setophaga_graciae_UWBM_69981_PCA -0.261267 0.393315 -0.260725 0.0692382 0.000246817 -0.0470968 0.020636 -0.0267844 0.0146575 0.0106987 0.0147136 0.0109813 -0.016842 0.00897645 -0.0124225 -0.0319019 -0.0260088 0.0419617 0.0297565 0.018586 -0.0174421 0.000290905 -0.0107381 -0.0226885 0.00223688 0.0269681 -0.0137452 -0.00783619 -0.0588202 -0.0317508 -0.0187344 0.0736754 0.00272688 -0.028296 0.0170854 0.108372 -0.0172333 0.0253206 0.00484219 -0.0439941 0.00163818 0.0272136 0.716387 -0.361881 -0.149071
Setophaga_graciae_UWBM_77653_ARI Setophaga_graciae_UWBM_77653_ARI 0.105527 0.00851569 -0.0301747 -0.0856862 -0.0602397 -0.0614989 -0.00102439 0.200858 0.102689 -0.0822787 -0.28076 -0.282541 -0.0572341 -0.143541 -0.00911132 0.106717 0.122258 -0.25209 0.274535 0.288898 0.117342 -0.247301 -0.271917 0.0849764 -0.00488309 -0.0826931 0.00951292 0.176168 0.0722615 0.185196 -0.0554347 -0.154741 0.00190623 0.171878 0.199951 0.00410495 0.107872 0.264712 0.182405 0.0211211 -0.0554787 -0.103175 0.0509978 -0.00266246 -0.149071
Setophaga_graciae_UWBM_77735_ARI Setophaga_graciae_UWBM_77735_ARI 0.104289 -0.00839579 -0.00274426 -0.0796126 -0.161681 -0.0242582 -0.0241564 -0.150379 0.263206 -0.0929121 0.0451883 0.131745 -0.0974489 0.0723738 -0.0715666 -0.274991 0.194553 0.0872428 0.361955 0.275649 0.12049 0.0264619 -0.132003 -0.0480988 0.363601 0.143428 0.206376 -0.228253 -0.0142732 -0.1331 0.0997652 0.0234969 -0.175184 -0.0957508 -0.257497 -0.0734888 0.020542 -0.144913 -0.0579971 -0.0271651 0.0388608 -0.122921 -0.00814653 0.0263843 -0.149071
Setophaga_graciae_UWBM_84639_ARI Setophaga_graciae_UWBM_84639_ARI 0.111565 0.0292966 -0.0393463 -0.0506034 0.0269672 -0.00330318 -0.0639521 0.565265 0.0425349 0.00552613 -0.232649 -0.232042 -0.103992 0.00503306 0.295212 -0.0255845 0.119428 0.13754 -0.0308906 0.0571998 -0.113442 0.1176 -0.0170208 0.0590342 -0.158121 0.116505 -0.0466786 0.0696335 -0.166877 -0.070414 0.00852822 -0.050266 -0.00703231 -0.126228 -0.178645 -0.000396929 -0.153895 -0.329641 -0.282778 -0.0527925 0.0364157 0.112757 0.0156326 0.0372826 -0.149071
Setophaga_graciae_UWBM_93801_CPN Setophaga_graciae_UWBM_93801_CPN -0.219191 -0.0641051 0.206678 -0.0945257 0.047334 0.107477 0.0712424 0.0350801 -0.0878187 0.0430458 0.0562164 0.0195509 -0.0263025 0.0264892 0.0605418 -0.0657714 0.01251 0.0890787 0.0926646 -0.0582298 0.0730533 -0.115013 0.110152 -0.108452 -0.16331 -0.13539 -0.0483227 0.00202123 0.195357 0.0442786 -0.0473198 -0.124264 -0.230072 0.283003 0.036514 -0.264842 -0.0299608 -0.171406 -0.21725 0.453923 0.221677 -0.331833 0.126504 -0.020747 -0.149071
Setophaga_graciae_UWBM_93805_CPN Setophaga_graciae_UWBM_93805_CPN -0.227855 -0.0515435 0.229769 -0.0923775 0.0468849 0.122178 -0.0153236 0.00953133 0.127165 0.0837505 0.100541 -0.0300064 0.00256192 -0.0180953 -0.0669517 -0.00223546 -0.14008 -0.0972523 0.0230133 -0.0408205 0.0528925 0.0240716 0.00152859 0.106918 -0.118521 0.249886 -0.14679 0.0904863 0.163209 0.192508 -0.173262 -0.130979 -0.306177 -0.207627 -0.369643 0.104753 0.34257 0.0868555 -0.0376715 9.79101e-05 -0.29068 0.216009 0.0124413 -0.0116932 -0.149071
Setophaga_graciae_UWBM_93806_CPN Setophaga_graciae_UWBM_93806_CPN -0.225608 -0.0369146 0.216446 -0.089652 0.0314187 0.144717 -0.0814666 0.0185738 -0.130133 -0.183346 -0.0615669 -0.0492361 -0.0349548 -0.0258869 0.0799805 0.0572605 0.0421153 0.00552977 -0.0720844 0.0784956 -0.165956 -0.0179349 -0.0252672 -0.0973657 -0.0299853 -0.094764 0.387311 -0.0159263 -0.143587 -0.233524 0.126543 0.0743799 0.363919 -0.276552 -0.100601 0.105156 0.254484 0.224978 -0.000884159 0.336542 -0.0386878 -0.069465 0.00200506 0.0184798 -0.149071
Setophaga_graciae_UWBM_93807_CPN Setophaga_graciae_UWBM_93807_CPN -0.225857 -0.0549536 0.210605 -0.0650642 -0.00848753 0.140833 -0.0105369 -0.158415 0.0376205 -0.0921348 0.00676391 -0.0376838 0.00741103 0.115848 0.0969707 0.0751047 0.0156052 -0.157872 -0.107576 0.15978 -0.16048 0.0517295 -0.151584 -0.0708986 0.0810105 0.154756 0.0746145 0.247437 0.0946514 -0.0554579 -0.0607962 0.201238 -0.0292819 0.247025 0.203495 0.261605 0.0577761 -0.460002 0.182631 -0.176855 0.218821 0.120825 -0.0576333 -0.0286437 -0.149071
Setophaga_graciae_UWBM_93808_CPN Setophaga_graciae_UWBM_93808_CPN -0.2161 -0.0502073 0.199702 -0.0738651 0.00339384 0.102848 0.0424555 0.114294 0.0267013 0.0273802 0.0103007 0.109971 0.0612942 0.0525166 0.0986394 -0.0188033 -0.0286398 0.161345 0.140949 -0.0507724 0.0445573 -0.0937396 -0.00145305 0.0219535 0.155932 -0.0217525 -0.110688 -0.0969055 0.0673453 0.0241953 -0.0397884 0.113026 0.152982 0.065614 0.214997 0.173418 -0.0446843 0.339257 -0.503082 -0.453096 0.0329506 -0.11207 -0.0872837 -0.0171122 -0.149071
Setophaga_graciae_UWBM_95850_ARI Setophaga_graciae_UWBM_95850_ARI 0.106579 0.0279375 -0.00321673 -0.0892115 -0.0904748 0.0505468 -0.284787 -0.0609244 0.0286141 -0.134895 0.400484 -0.103675 0.00832596 -0.0350452 -0.0197072 0.387652 0.184758 -0.0607671 -0.020473 -0.00159967 -0.106965 -0.283809 0.00402867 0.0571326 0.0286038 -0.28565 -0.237344 -0.0975497 0.252594 -0.128714 0.249713 -0.117697 0.0332449 -0.13167 -0.0676273 -0.00391431 -0.0840936 -0.153449 -0.0752122 -0.079335 -0.0563717 0.0959499 0.0601678 -0.00608618 -0.149071
